00000000
00000000
00000000
00000000
00000000
00000000
00000000
00000000
00000000
00000000
00000000
00000000
00000000
00000000
00000000
00000000
00100000
01000000
00000000
00000000
00000000
00000000
00000000
00000000
00000000
00000000
00000000
01000000
00000000
00000000
00000000
00000000
11000000
11000000
11000000
11000000
11000000
11000000
11000000
11000000
00100000
00100000
00100000
01000000
01000000
00000000
00000000
00000000
11000000
11000000
11000000
11000000
11000000
11000000
11000000
11000000
00100000
00100000
00100000
01000000
01000000
01000000
01000000
01000000
00000000
00000000
11001000
11001000
11001000
11001000
01000000
01000000
11000000
01000000
01000000
01000000
01000000
01000000
00000000
01000000
00000000
00000000
11001000
11001000
11001000
11001000
01000000
01000000
00100000
01000000
01000000
01000000
01000000
01000000
01000000
01000000
00000000
00000000
11001000
11001000
11001000
11001000
00000000
00100000
00100000
01000000
01000000
01000000
01000000
01000000
01000000
01000000
00000000
00000000
11001000
11001000
11001000
11001000
00000000
00000000
00000000
01000000
01000000
01000000
01000000
01000000
01000000
01000000
